0.7325
0.8790
1.0255
1.1720
1.3185
1.4650
1.6115
1.7580
1.9045
2.0510
2.1975
2.3440
2.4905
2.6370
2.7835
2.9300
3.0765
3.2230
3.3695
3.5160
3.6625
3.8090
3.9555
4.1020
4.2485
4.3950
4.5415
4.6880
4.8345
4.9810
5.1275
5.2740
5.4205
5.5670
5.7135
5.8600
6.0065
6.1530
6.2995
6.4460
6.5925
6.7390
6.8855
7.0320
7.1785
7.3250
7.4715
7.6180
7.7645
7.9110
8.0575
8.2040
8.3505
8.4970
8.6435
8.7900
8.9365
9.0830
9.2295
9.3760
9.5225
9.6690
9.8155
9.9620
10.1085
10.2550
10.4015
10.5480
10.6945
10.8410
10.9875
11.1340
11.2805
11.4270
11.5735
11.7200
11.8665
12.0130
12.1595
12.3060
12.4525
12.5990
12.7455
12.8920
13.0385
13.1850
13.3315
13.4780
13.6245
13.7710
13.9175
14.0640
14.2105
14.3570
14.5035
14.6500
14.7965
14.9430
15.0895
15.2360
15.3825
15.5290
15.6755
15.8220
15.9685
16.1150
16.2615
16.4080
16.5545
16.7010
16.8475
16.9940
17.1405
17.2870
17.4335
17.5800
17.7265
17.8730
18.0195
18.1660
18.3125
18.4590
18.6055
18.7520
18.8985
19.0450
19.1915
19.3380
19.4845
19.6310
19.7775
19.9240
20.0705
20.2170
20.3635
20.5100
20.6565
20.8030
20.9495
21.0960
21.2425
21.3890
21.5355
21.6820
21.8285
21.9750
22.1215
22.2680
22.4145
22.5610
22.7075
22.8540
23.0005
23.1470
23.2935
23.4400
23.5865
23.7330
23.8795
24.0260
24.1725
24.3190
24.4655
24.6120
24.7585
24.9050
25.0515
25.1980
25.3445
25.4910
25.6375
25.7840
25.9305
26.0770
26.2235
26.3700
26.5165
26.6630
26.8095
26.9560
27.1025
27.2490
27.3955
27.5420
27.6885
27.8350
27.9815
28.1280
28.2745
28.4210
28.5675
28.7140
28.8605
29.0070
29.1535
29.3000
29.4465
29.5930
29.7395
29.8860
30.0325
30.1790
30.3255
30.4720
30.6185
30.7650
30.9115
31.0580
31.2045
31.3510
31.4975
31.6440
31.7905
31.9370
32.0835
32.2300
32.3765
32.5230
32.6695
32.8160
32.9625
33.1090
33.2555
33.4020
33.5485
33.6950
33.8415
33.9880
34.1345
34.2810
34.4275
34.5740
34.7205
34.8670
35.0135
35.1600
35.3065
35.4530
35.5995
35.7460
35.8925
